79 20. 30.
1.2 5.3 -1.2 0.05
1.2 5.3 -1.2 0.05
1.2 5.3 -1.2 0.05
1.2 5.3 -1.2 0.05
1.2 5.3 -1.2 0.05
1.2 5.3 -1.2 0.05
1.2 5.3 -1.2 0.05
1.2 5.3 -1.2 0.05
1.2 5.3 -1.2 0.05
1.2 5.3 -1.2 0.05
1.2 5.3 -1.2 0.05
14.9 6.4 2 0.03
0.22 19.43 1.5 0.2
1.2 5.3 -1.2 0.05
1.2 5.3 -1.2 0.05
1.2 5.3 -1.2 0.05
1.2 5.3 -1.2 0.05
1.2 5.3 -1.2 0.05
1.2 5.3 -1.2 0.05
1.2 5.3 -1.2 0.05
1.2 5.3 -1.2 0.05
1.2 5.3 -1.2 0.05
1.2 5.3 -1.2 0.05
1.2 5.3 -1.2 0.05
1.2 5.3 -1.2 0.05
1.2 5.3 -1.2 0.05
1.2 5.3 -1.2 0.05
1.2 5.3 -1.2 0.05
1.2 5.3 -1.2 0.05
1.2 5.3 -1.2 0.05
1.2 5.3 -1.2 0.05
1.2 5.3 -1.2 0.05
1.2 5.3 -1.2 0.05
1.2 5.3 -1.2 0.05
1.2 5.3 -1.2 0.05
1.2 5.3 -1.2 0.05
1.2 5.3 -1.2 0.05
1.2 5.3 -1.2 0.05
1.2 5.3 -1.2 0.05
1.2 5.3 -1.2 0.05
1.2 5.3 -1.2 0.05
1.2 5.3 -1.2 0.05
1.2 5.3 -1.2 0.05
1.2 5.3 -1.2 0.05
1.2 5.3 -1.2 0.05
1.2 5.3 -1.2 0.05
1.2 5.3 -1.2 0.05
1.2 5.3 -1.2 0.05
1.2 5.3 -1.2 0.05
1.2 5.3 -1.2 0.05
1.2 5.3 -1.2 0.05
1.2 5.3 -1.2 0.05
1.2 5.3 -1.2 0.05
1.2 5.3 -1.2 0.05
1.2 5.3 -1.2 0.05
1.2 5.3 -1.2 0.05
1.2 5.3 -1.2 0.05
1.2 5.3 -1.2 0.05
1.2 5.3 -1.2 0.05
1.2 5.3 -1.2 0.05
1.2 5.3 -1.2 0.05
1.2 5.3 -1.2 0.05
1.2 5.3 -1.2 0.05
1.2 5.3 -1.2 0.05
1.2 5.3 -1.2 0.05
1.2 5.3 -1.2 0.05
1.2 5.3 -1.2 0.05
1.2 5.3 -1.2 0.05
1.2 5.3 -1.2 0.05
1.2 5.3 -1.2 0.05
1.2 5.3 -1.2 0.05
1.2 5.3 -1.2 0.05
1.2 5.3 -1.2 0.05
1.2 5.3 -1.2 0.05
1.2 5.3 -1.2 0.05
1.2 5.3 -1.2 0.05
1.2 5.3 -1.2 0.05
1.2 5.3 -1.2 0.05
1.2 5.3 -1.2 0.05
